****************************STRASSEN****************************


size:  2
times:  [0.0, 0.0, 0.0, 0.0, 0.0, 0.0, 0.0, 0.0, 0.0, 0.0, 0.0, 0.0, 0.0, 0.0, 0.0, 0.0, 0.0, 0.0, 0.0, 0.0, 0.0, 0.0, 0.0, 0.0, 0.0, 0.0, 0.0, 0.0, 0.0, 0.0]
media:  0.0 seconds
desvio:  0.0 seconds
***************************************************
size:  4
times:  [0.0, 0.0, 0.0, 0.0, 0.0, 0.0, 0.0, 0.0, 0.0009975433349609375, 0.0, 0.0, 0.0, 0.0, 0.0, 0.0, 0.0, 0.0, 0.0, 0.0, 0.0, 0.0, 0.0, 0.0, 0.0, 0.0, 0.0009970664978027344, 0.0, 0.0, 0.0, 0.0]
media:  6.648699442545573e-05 seconds
desvio:  0.00024877156143295276 seconds
***************************************************
size:  8
times:  [0.0, 0.000997304916381836, 0.0, 0.0, 0.0009965896606445312, 0.0, 0.000997781753540039, 0.0, 0.0009975433349609375, 0.0, 0.0, 0.0009970664978027344, 0.0, 0.0009984970092773438, 0.0, 0.0009965896606445312, 0.0, 0.0, 0.0009970664978027344, 0.0, 0.000997304916381836, 0.0, 0.000997304916381836, 0.0, 0.0, 0.0009975433349609375, 0.0, 0.0009968280792236328, 0.0, 0.0]
media:  0.00039891401926676434 seconds
desvio:  0.0004885680057130049 seconds
***************************************************
size:  16
times:  [0.0029916763305664062, 0.002992391586303711, 0.0029916763305664062, 0.0029914379119873047, 0.002991914749145508, 0.001995086669921875, 0.002992868423461914, 0.0029916763305664062, 0.0029909610748291016, 0.002992391586303711, 0.0029921531677246094, 0.0029914379119873047, 0.001995086669921875, 0.0029914379119873047, 0.0039899349212646484, 0.0029921531677246094, 0.003988742828369141, 0.0029921531677246094, 0.002992391586303711, 0.0029916763305664062, 0.0019953250885009766, 0.002991199493408203, 0.0029921531677246094, 0.0019943714141845703, 0.002992391586303711, 0.002991914749145508, 0.001994609832763672, 0.002992391586303711, 0.0029916763305664062, 0.001994609832763672]
media:  0.0028589963912963867 seconds
desvio:  0.0004974785334534956 seconds
***************************************************
size:  32
times:  [0.020943641662597656, 0.019946813583374023, 0.020944833755493164, 0.02194070816040039, 0.023936033248901367, 0.02393651008605957, 0.02194046974182129, 0.021941661834716797, 0.020943880081176758, 0.02393627166748047, 
0.01894855499267578, 0.02393651008605957, 0.021941184997558594, 0.021941423416137695, 0.020943641662597656, 0.018949270248413086, 0.02393627166748047, 0.021941661834716797, 0.022938251495361328, 0.021940946578979492, 0.022939205169677734, 0.022939443588256836, 0.02094411849975586, 0.02094292640686035, 0.01994609832763672, 0.0219419002532959, 0.019945859909057617, 0.0219419002532959, 0.01994609832763672, 0.018949508666992188]
media:  0.021608853340148927 seconds
desvio:  0.001509099741392589 seconds
***************************************************
size:  64
times:  [0.157578706741333, 0.14162063598632812, 0.13962626457214355, 0.13463997840881348, 0.13463973999023438, 0.1326448917388916, 0.1326456069946289, 0.1356370449066162, 0.13164782524108887, 0.13364219665527344, 0.13464021682739258, 0.13364267349243164, 0.13364195823669434, 0.13463997840881348, 0.13563752174377441, 0.13364219665527344, 0.13364219665527344, 0.13364291191101074, 0.13364291191101074, 0.13364195823669434, 0.1326453685760498, 0.13463973999023438, 0.1326456069946289, 0.1326448917388916, 0.13463973999023438, 0.13463997840881348, 0.1326451301574707, 0.1326456069946289, 0.13364195823669434, 0.1326451301574707]
media:  0.1349390188852946 seconds
desvio:  0.004650540061289896 seconds
***************************************************
size:  128
times:  [1.0541796684265137, 1.0462017059326172, 1.046201467514038, 1.0511882305145264, 1.0462009906768799, 1.0462017059326172, 1.0481960773468018, 1.0631558895111084, 1.153913974761963, 1.156905174255371, 1.1738603115081787, 1.087092638015747, 1.0781149864196777, 1.0442070960998535, 1.0412144660949707, 1.040217638015747, 1.0432097911834717, 1.0422120094299316, 1.040217638015747, 1.0551774501800537, 1.0412144660949707, 1.0432097911834717, 1.0452041625976562, 1.04719877243042, 1.0392203330993652, 1.044206142425537, 1.0462017059326172, 1.0422122478485107, 1.04719877243042, 1.0422122478485107]
media:  1.05986491839091 seconds
desvio:  0.03556736956299157 seconds
***************************************************
size:  256
times:  [6.480664253234863, 6.472686290740967, 6.48465371131897, 6.4736833572387695, 6.487645864486694, 6.471688747406006, 6.488643169403076, 6.476675271987915, 6.485651254653931, 6.475678205490112, 6.487646102905273, 6.4786696434021, 6.476675748825073, 6.489640951156616, 6.470690488815308, 6.484654426574707, 6.469693899154663, 6.462712526321411, 6.461715221405029, 6.476675510406494, 6.45672869682312, 6.462712526321411, 6.46869683265686, 6.456728219985962, 6.466702222824097, 6.457726240158081, 6.462712526321411, 6.4597203731536865, 6.466702222824097, 6.456728458404541]
media:  6.472386765480041 seconds
desvio:  0.0104479528852773 seconds
***************************************************
size:  1024
times:  [316.4245834350586, 316.258029460907, 316.2859556674957]
media:  316.32285618782043 seconds
desvio:  0.07282990629587771 seconds
***************************************************


****************************CLASSIC****************************


size:  2
times:  [0.0, 0.0, 0.0, 0.0009980201721191406, 0.0, 0.0, 0.0, 0.0, 0.0, 0.0, 0.0, 0.0, 0.0, 0.0, 0.0, 0.0, 0.0, 0.0, 0.0, 0.0, 0.0, 0.0, 0.0, 0.0, 0.0, 0.0, 0.0, 0.0, 0.0, 0.0]
media:  3.326733907063802e-05 seconds
desvio:  0.00017915010359021056 seconds
***************************************************
size:  4
times:  [0.0, 0.0009970664978027344, 0.0, 0.0, 0.0, 0.0, 0.0, 0.0, 0.0, 0.0, 0.0, 0.0, 0.0, 0.0, 0.0, 0.0, 0.0009975433349609375, 0.0, 0.0, 0.0, 0.0, 0.0, 0.0, 0.0, 0.0, 0.0, 0.0, 0.0, 0.0, 0.0]
media:  6.648699442545573e-05 seconds
desvio:  0.00024877156143295276 seconds
***************************************************
size:  8
times:  [0.0, 0.0, 0.0009970664978027344, 0.0, 0.0, 0.0009975433349609375, 0.0, 0.0009970664978027344, 0.0, 0.0, 0.000997781753540039, 0.0, 0.0, 0.000997304916381836, 0.0, 0.0, 0.0009970664978027344, 0.0, 0.0009975433349609375, 0.0, 0.0, 0.000997304916381836, 0.0, 0.0, 0.000997304916381836, 0.0, 0.000997304916381836, 0.0, 0.0, 0.0009982585906982422]
media:  0.0003657182057698568 seconds
desvio:  0.0004806479327943309 seconds
***************************************************
size:  16
times:  [0.0029921531677246094, 0.002991914749145508, 0.002992391586303711, 0.00299072265625, 0.002992391586303711, 0.0029916763305664062, 0.002991914749145508, 0.0029921531677246094, 0.0029926300048828125, 0.002991199493408203, 0.002991914749145508, 0.0029921531677246094, 0.002991914749145508, 0.0029921531677246094, 0.002991914749145508, 0.002992391586303711, 0.0019941329956054688, 0.002992391586303711, 0.002991914749145508, 0.002991914749145508, 0.002992391586303711, 0.0029914379119873047, 0.002991914749145508, 0.0029921531677246094, 0.0029921531677246094, 0.0029921531677246094, 0.0029916763305664062, 0.002992391586303711, 0.0029914379119873047, 0.0029921531677246094]
media:  0.00295872688293457 seconds
desvio:  0.00017912102291272103 seconds
***************************************************
size:  32
times:  [0.022938251495361328, 0.021940946578979492, 0.02293872833251953, 0.021941184997558594, 0.02293872833251953, 0.021941423416137695, 0.021941184997558594, 0.02293872833251953, 0.021941423416137695, 0.02293848991394043, 
0.021941184997558594, 0.021941423416137695, 0.02293848991394043, 0.021941661834716797, 0.021940946578979492, 0.021941661834716797, 0.02293848991394043, 0.021941423416137695, 0.021941423416137695, 0.021941423416137695, 0.02293848991394043, 0.021940946578979492, 0.021941423416137695, 0.021941661834716797, 0.021940946578979492, 0.021941423416137695, 0.021941423416137695, 0.022939205169677734, 0.02293872833251953, 0.021941423416137695]
media:  0.022273763020833334 seconds
desvio:  0.0004701341050318764 seconds
***************************************************
size:  64
times:  [0.17752313613891602, 0.176527738571167, 0.176527738571167, 0.176527738571167, 0.17752528190612793, 0.17553043365478516, 0.17553067207336426, 0.17553019523620605, 0.1765279769897461, 0.17453289031982422, 0.17553043365478516, 0.17553067207336426, 0.17553067207336426, 0.1765275001525879, 0.17553043365478516, 0.17553091049194336, 0.17552995681762695, 0.176527738571167, 0.17453312873840332, 0.17852330207824707, 0.17552971839904785, 0.17453336715698242, 0.176527738571167, 0.17453289031982422, 0.17553043365478516, 0.1765279769897461, 0.17453312873840332, 0.17553043365478516, 0.1765279769897461, 0.17553043365478516]
media:  0.17589608828226724 seconds
desvio:  0.0009455600198369841 seconds
***************************************************
size:  128
times:  [1.4421420097351074, 1.4351608753204346, 1.4381532669067383, 1.4371554851531982, 1.440147876739502, 1.4291768074035645, 1.4381532669067383, 1.439150094985962, 1.4351613521575928, 1.4321694374084473, 1.4431390762329102, 1.4361584186553955, 1.4371559619903564, 1.4341635704040527, 1.4351606369018555, 1.4351615905761719, 1.43815279006958, 1.4361586570739746, 1.4401471614837646, 1.441145658493042, 1.4391498565673828, 1.4381532669067383, 1.445134162902832, 1.43316650390625, 1.4371557235717773, 1.4321694374084473, 1.4361581802368164, 1.432168960571289, 1.4431393146514893, 1.4361581802368164]
media:  1.4371889193852743 seconds
desvio:  0.0036002814800527166 seconds
***************************************************
size:  256
times:  [11.240930795669556, 11.239933967590332, 11.245918273925781, 11.345650434494019, 11.257886171340942, 11.724637269973755, 11.251902103424072, 11.22696828842163, 11.220984697341919, 11.234947204589844, 11.225971221923828, 11.214003324508667, 11.219987154006958, 11.21500039100647, 11.219987392425537, 11.21599817276001, 11.213005781173706, 11.207022190093994, 11.214002847671509, 11.214003324508667, 11.224973917007446, 11.210014343261719, 11.219986915588379, 11.205027103424072, 11.218990325927734, 11.229960441589355, 11.210013628005981, 11.225971460342407, 11.223977088928223, 11.219986915588379]
media:  11.24458810488383 seconds
desvio:  0.09265433940244155 seconds
***************************************************
size:  512
times:  [87.47201752662659, 87.44209814071655, 87.41616678237915, 87.4590528011322, 87.39921283721924]
media:  87.43770961761474 seconds
desvio:  0.026825059512506678 seconds
***************************************************
size:  1024
times:  [747.7727546691895, 751.0988585948944, 770.2939372062683]
media:  756.3885168234507 seconds
desvio:  9.925935013834769 seconds